{
  "advancedEditorSelectedIdentifier" : "ProjectBrowser",
  "openSceneRelativePaths" : [
    "Immersive.usda",
    "Scene.usda"
  ],
  "recentIdentifiers" : {
    "D66134B1-3681-4A8E-AFE5-29F257229F3B" : [

    ]
  },
  "sceneCameraHistory" : {
    "79BB6D7D-0806-4CCB-909D-6F34B631FEE4" : [
      {
        "date" : 738928447.777295,
        "title" : "Untitled",
        "transform" : [
          1,
          0,
          -0,
          0,
          -0,
          0.8660254,
          -0.5,
          0,
          0,
          0.5,
          0.8660254,
          0,
          0,
          0.210528,
          0.36484522,
          1
        ]
      }
    ],
    "073604BA-B28B-46AD-9192-A3798FB39216" : [
      {
        "date" : 738928435.947295,
        "title" : "Untitled",
        "transform" : [
          0.99999994,
          0,
          -0,
          0,
          -0,
          0.8660254,
          -0.49999994,
          0,
          0,
          0.49999994,
          0.8660254,
          0,
          0,
          0.14011057,
          0.24267864,
          1
        ]
      }
    ],
    "AF09ED6F-1707-48FD-8720-65B998362C09" : [
      {
        "date" : 738928023.989086,
        "title" : "Untitled",
        "transform" : [
          1,
          0,
          -0,
          0,
          -0,
          0.86602443,
          -0.5000016,
          0,
          0,
          0.5000016,
          0.86602443,
          0,
          0,
          3.6666806,
          4.2335377,
          1
        ]
      }
    ],
    "D66134B1-3681-4A8E-AFE5-29F257229F3B" : [
      {
        "date" : 738930945.837283,
        "title" : "Untitled",
        "transform" : [
          -0.31871206,
          -0.0017481532,
          -0.94785,
          0,
          -0.45596993,
          0.87697107,
          0.15170123,
          0,
          0.83097184,
          0.4805401,
          -0.2802983,
          0,
          0.038730543,
          -0.1337473,
          0.07045762,
          1
        ]
      },
      {
        "date" : 738928859.968611,
        "title" : "Untitled",
        "transform" : [
          -0.31871206,
          -0.0017481915,
          -0.94785,
          0,
          -0.45596996,
          0.87697107,
          0.1517012,
          0,
          0.83097184,
          0.4805401,
          -0.2802983,
          0,
          -0.02476539,
          -0.1400284,
          -0.015940621,
          1
        ]
      },
      {
        "date" : 738928856.438816,
        "title" : "Untitled",
        "transform" : [
          -0.31871212,
          -0.0017482698,
          -0.9478499,
          0,
          -0.45596993,
          0.87697107,
          0.15170126,
          0,
          0.8309717,
          0.48054013,
          -0.2802985,
          0,
          0.2751416,
          0.056358576,
          -0.03776446,
          1
        ]
      },
      {
        "date" : 738928852.880588,
        "title" : "Untitled",
        "transform" : [
          -0.31871212,
          -0.0017482698,
          -0.9478499,
          0,
          -0.45596993,
          0.87697107,
          0.15170126,
          0,
          0.8309717,
          0.48054013,
          -0.2802985,
          0,
          0.23839422,
          0.13814594,
          -0.0064904094,
          1
        ]
      },
      {
        "date" : 738928849.140965,
        "title" : "Untitled",
        "transform" : [
          -0.31871212,
          -0.0017482698,
          -0.9478499,
          0,
          -0.45596993,
          0.87697107,
          0.15170126,
          0,
          0.8309717,
          0.48054013,
          -0.2802985,
          0,
          0.2765844,
          0.07656075,
          0.0011470169,
          1
        ]
      },
      {
        "date" : 738928842.688809,
        "title" : "Untitled",
        "transform" : [
          -0.31871212,
          -0.0017482698,
          -0.9478499,
          0,
          -0.45596993,
          0.87697107,
          0.15170126,
          0,
          0.8309717,
          0.48054013,
          -0.2802985,
          0,
          0.049210902,
          -0.01616852,
          0.03295394,
          1
        ]
      },
      {
        "date" : 738928839.288686,
        "title" : "Untitled",
        "transform" : [
          -0.31871212,
          -0.0017482698,
          -0.9478499,
          0,
          -0.45596993,
          0.87697107,
          0.15170126,
          0,
          0.8309717,
          0.48054013,
          -0.2802985,
          0,
          0.41778502,
          0.2999947,
          -0.048065856,
          1
        ]
      },
      {
        "date" : 738928837.361596,
        "title" : "Untitled",
        "transform" : [
          -0.31759825,
          -0.0017482698,
          -0.94822377,
          0,
          -0.45614788,
          0.87697107,
          0.15116543,
          0,
          0.8313005,
          0.48054013,
          -0.279322,
          0,
          0.44718188,
          0.32571548,
          -0.053355105,
          1
        ]
      },
      {
        "date" : 738928765.298853,
        "title" : "Untitled",
        "transform" : [
          -0.31759825,
          -0.0017482698,
          -0.94822377,
          0,
          -0.45614788,
          0.87697107,
          0.15116543,
          0,
          0.8313005,
          0.48054013,
          -0.279322,
          0,
          0.40395594,
          0.41802529,
          -0.023193471,
          1
        ]
      },
      {
        "date" : 738928733.838054,
        "title" : "Untitled",
        "transform" : [
          -0.31759825,
          -0.0017482698,
          -0.94822377,
          0,
          -0.45614782,
          0.87697095,
          0.15116541,
          0,
          0.8313005,
          0.48054013,
          -0.279322,
          0,
          0.5821624,
          0.12262997,
          -0.0010191426,
          1
        ]
      }
    ]
  },
  "selectedSceneRelativePath" : "Scene.usda"
}